1.34725
0.901742
0.942488
1.16184
0.926657
0.996239
1.17221
1.06566
1.01005
1.06432
1.07061
1.04087
0.952009
1.08574
1.00493
0.904017
0.993868
0.972674
0.92334
0.920459
0.812402
0.956988
0.91373
1.15867
1.02017
1.1272
1.04277
0.999653
1.01526
0.909331
0.946554
0.881197
0.846933
1.03803
1.0599
1.03509
1.05648
0.871601
1.05223
0.876172
0.887003
1.0006
0.918586
0.944338
0.8616
0.886471
1.01191
0.861039
0.945281
1.12352
0.92516
0.982826
0.892296
0.974772
1.04872
0.904847
0.985105
0.830812
0.950783
1.00155
0.909378
1.00276
1.06457
0.965745
0.900886
0.989984
1.03262
1.0461
1.05192
0.994623
0.865995
0.958409
0.86907
0.984019
0.993652
0.979619
1.07639
1.03176
1.2063
0.966924
1.09574
0.892329
1.0656
1.09531
0.972359
1.03106
0.960574
0.831676
1.02873
1.01698
0.999724
1.05942
0.893989
0.827551
0.950639
0.883319
0.930034
0.969729
0.984929
1.02528
