1.34725
0.901742
0.942488
1.16184
0.926657
0.996239
1.17221
1.06566
1.01005
1.06432
1.07061
1.04087
0.952009
1.08574
1.00493
0.904017
0.993868
0.972674
0.92334
0.920459
0.812402
0.956988
0.91373
1.15867
1.02017
1.1272
1.04277
0.999653
1.01526
0.909331
0.946554
0.881197
0.846933
1.03803
1.0599
1.03509
1.05648
0.871601
1.05223
0.876172
0.887003
1.0006
0.918586
0.944338
0.8616
0.886471
1.01191
0.861039
0.945281
1.12352
0.92516
0.982826
0.892296
0.974772
1.04872
0.904847
0.985105
0.830812
0.950783
1.00155
0.909378
1.00276
1.06457
0.965745
0.900886
0.989984
1.03262
1.0461
1.05192
0.994623
0.865995
0.958409
0.86907
0.984019
0.993652
0.979619
1.07639
1.03176
1.2063
0.966924
1.09574
0.892329
1.0656
1.09531
0.972359
1.03106
0.960574
0.831676
1.02873
1.01698
0.999724
1.05942
0.893989
0.827551
0.950639
0.883319
0.930034
0.969729
0.984929
1.02528
1.03708
0.983025
1.01408
1.05735
1.03648
1.04839
0.869625
0.883957
0.841958
1.09156
0.885228
0.952039
0.908679
0.892963
1.04245
1.04822
0.91258
0.983969
1.1805
1.11177
0.887777
0.996106
0.968042
1.12843
0.90795
1.04666
1.03131
1.21357
0.985078
1.08587
1.25649
1.01043
0.934401
1.03557
1.01915
0.935274
0.912797
0.986332
0.89604
1.27186
0.883379
1.03895
0.808583
0.972065
1.0946
0.942841
1.02798
0.92821
0.977462
1.04613
1.10242
1.03834
0.860418
0.882917
0.99479
1.07651
0.992975
1.15834
1.20707
0.957267
0.916788
0.959529
1.03949
1.04754
1.02791
0.871801
1.07266
1.06298
0.929735
0.936646
1.17607
0.980677
0.957679
0.651839
1.11209
0.732625
0.902928
0.773689
1.02701
1.06127
1.02893
1.18221
0.999275
1.00749
0.990362
1.05623
1.02018
1.04755
1.16842
0.801662
0.941745
1.11241
0.947365
0.953109
0.947831
1.15641
1.10284
1.0685
1.0096
0.97686
0.920178
0.856841
0.944638
0.794154
0.92977
0.970664
0.988671
0.967865
0.984945
0.881444
1.08612
0.902544
0.942462
0.905638
1.15207
1.04703
0.889092
0.934045
0.974527
0.966608
1.06018
0.94107
1.0506
1.00009
0.881702
0.896913
1.04717
1.05849
1.20467
1.05152
1.0144
1.047
1.16991
1.02487
1.07404
1.13632
1.04096
1.04426
1.01973
1.16751
0.901748
0.957405
1.16629
0.877164
1.03037
1.17148
1.21763
0.852963
1.00058
1.04697
1.01341
1.02198
1.05004
0.990625
1.01873
0.854533
1.03539
0.971485
0.923102
0.715619
0.998914
0.912695
0.799086
1.13023
1.06391
0.986045
0.979225
1.07091
0.984327
0.912573
1.01945
0.888623
0.952624
0.996726
1.15471
1.15058
0.855087
1.02857
1.00369
1.03178
0.887666
1.03725
0.889301
1.03933
0.937266
0.969926
1.0228
1.0439
1.01367
0.793575
0.910108
1.23728
1.01858
1.03525
1.024
1.00382
0.956205
0.973826
1.1195
1.07438
1.02509
0.803552
0.775084
1.052
0.937504
1.06332
1.40351
1.06738
0.996234
1.09296
1.03128
1.1296
0.841525
1.06405
0.968444
0.821099
1.07594
1.09836
0.960136
0.860723
0.92366
0.897412
0.974976
1.00793
1.08842
0.825838
0.88144
1.01896
1.09636
0.917486
0.928957
1.27397
0.935234
1.12376
1.10231
0.949444
0.816633
1.0543
0.913536
1.00225
0.797701
1.04474
1.08911
1.08679
0.995374
1.00942
1.07751
0.957622
1.05223
0.981303
1.09355
1.16038
1.0138
1.05549
0.96902
1.03809
0.831162
0.898677
1.12022
1.05875
1.17702
0.982434
0.888317
0.984727
0.991769
0.977272
0.940879
0.94127
1.16914
1.08573
1.18595
1.34536
1.1618
0.932096
0.75271
0.986095
1.04511
0.99912
0.796648
1.09612
0.876566
0.867843
1.12277
0.986404
1.13219
1.01359
1.07045
1.08985
1.00827
0.840303
0.839259
1.1277
0.89502
0.995655
0.850381
0.942057
1.14974
1.00183
1.01625
1.08442
1.03743
0.950194
0.833341
0.933171
1.05648
1.04426
1.0267
0.895612
1.08248
1.04269
1.10551
1.08799
0.853262
0.851513
1.1229
1.07
0.852647
1.10455
1.07566
1.04814
0.927605
0.990354
1.15255
1.0426
0.989876
1.12151
1.01882
0.812159
1.07302
0.960244
1.0277
0.921946
1.03686
1.018
1.08499
1.17783
0.975129
1.27019
1.06618
0.987028
0.973577
0.884181
1.00818
1.09676
1.13896
1.0937
0.986396
0.937853
1.04245
1.07286
1.04288
1.00099
1.09747
1.03118
0.989335
1.01383
0.965699
1.04024
1.13854
0.940538
0.883108
1.18275
1.05171
0.985796
1.03324
0.966372
0.928786
0.947636
1.05544
0.833007
0.998131
0.860332
0.883505
1.24628
0.962834
1.07221
1.13053
0.973662
1.09045
0.961188
0.937566
0.966147
1.06818
1.02218
0.997354
1.04495
0.955542
1.10535
1.09636
0.900385
0.953907
1.16466
0.869166
0.926448
1.10831
0.964049
1.21657
0.814733
1.09489
1.00421
0.99735
1.17988
1.17521
1.04728
1.10839
0.988904
0.956672
0.843814
0.987998
0.921882
0.960278
1.01256
0.952567
1.12426
0.99751
0.934579
1.18664
1.13446
0.925027
0.955413
0.943691
0.89309
0.871433
0.913068
0.949954
1.11331
0.972371
1.08018
0.91613
1.22109
1.11894
0.877271
0.962617
1.01402
1.04978
1.03687
0.964977
0.85872
0.916132
1.05739
1.06568
1.07311
0.931111
1.04344
1.12107
0.965974
1.00792
1.00071
0.951701
1.03122
0.794408
1.04575
0.982311
0.927044
1.22454
0.94944
0.998659
1.06701
1.12364
0.830758
0.981737
0.925113
0.996013
0.902445
0.86581
0.970571
0.801985
0.95594
1.00783
0.994158
1.11625
0.988821
0.999326
0.973681
1.12062
1.06312
0.876766
0.974132
1.10051
1.09393
1.15272
0.931158
1.03577
0.998333
0.854936
1.07727
0.82734
1.05276
1.15591
1.0526
1.07613
0.913218
0.753862
1.10068
1.14005
0.930038
0.912248
1.06282
0.902395
1.23378
1.21164
1.04047
0.792013
1.0705
0.963497
1.00226
1.06399
1.01711
0.944381
0.978538
1.20762
0.965717
1.00448
1.10119
1.1854
0.935328
0.994567
0.984222
0.969293
0.916935
1.01278
0.934288
1.01259
1.11286
0.929765
0.899358
0.922189
0.88062
1.06714
0.899849
0.994075
1.01139
1.11699
0.788343
1.0108
0.952678
1.08023
1.11346
1.06387
0.867351
0.947959
1.03508
1.01804
1.05617
1.037
0.926269
1.19063
1.18273
0.945206
0.906651
0.951232
1.21607
1.01723
1.1013
0.893938
0.989942
1.02738
0.910024
0.959519
1.027
1.09871
0.910797
0.812313
0.949674
0.885105
0.93884
1.11463
0.966945
1.12494
0.976735
1.11844
1.03798
0.928396
1.00722
0.945744
0.868541
1.15105
0.883338
0.961379
0.850169
1.03644
1.05028
0.957369
0.967934
0.951515
1.00973
0.871038
0.997627
0.955664
1.05526
1.11835
0.972853
1.10548
0.990909
1.00678
0.998327
0.93805
1.02097
0.842267
1.17429
1.07436
0.828009
0.999609
0.837691
1.0155
1.17548
1.0305
1.00718
1.05194
0.910787
1.01358
1.04292
0.89752
1.1633
0.911035
1.02032
1.10408
0.875659
1.04561
1.08276
1.0406
0.764882
0.918057
1.0349
0.822884
1.04613
1.04618
1.04445
0.973716
1.04168
1.03408
1.17758
1.2443
0.871469
0.850832
0.981343
1.16169
1.05485
0.991676
0.830286
1.067
1.04631
0.919677
0.97428
1.16816
0.810281
1.15201
1.10234
1.042
1.11166
1.03917
0.988139
0.949057
0.962012
0.941607
0.92809
0.807333
1.03909
1.05593
1.03053
0.88518
0.988135
1.1421
0.882924
0.975656
0.935758
1.07683
1.04339
0.80699
0.997832
1.13725
1.05361
1.03271
1.01977
1.03297
1.0614
1.0362
0.990892
1.02905
0.933954
1.0873
0.925777
0.987551
1.11466
0.916826
1.00594
0.885701
1.02004
0.936249
0.918582
1.01329
1.10424
1.0034
1.01466
1.04293
1.3083
0.907803
0.880856
0.851236
1.03126
0.951684
1.12256
1.0865
0.982336
1.00619
0.988107
1.03339
1.01678
1.17375
1.13288
1.0527
0.968668
1.04783
0.915154
1.02987
0.978207
1.09291
1.06921
1.05334
0.965294
1.09146
1.06795
0.834299
1.00716
1.02969
0.939005
1.08446
0.927807
1.13034
0.935299
0.912703
0.775557
1.10512
1.03081
1.10619
0.892015
1.11392
1.055
0.867536
0.796131
1.07812
0.812034
1.00115
0.860577
1.07504
1.11386
1.11751
1.11928
1.11379
0.989634
1.12948
1.01204
0.841067
1.02305
1.0161
1.07592
0.946277
0.825925
0.9743
0.942386
1.08658
1.00179
1.04906
0.998666
0.988579
0.980189
0.82407
0.866661
0.973065
0.889866
1.18615
1.08841
0.954896
1.17743
0.872003
0.873491
0.949636
0.957028
1.10712
1.00574
1.02937
1.20871
1.08327
0.915413
0.989125
1.01789
0.921048
1.04857
0.941297
0.908364
0.974022
0.901722
1.0851
0.861908
1.03539
0.926394
1.02021
1.10998
1.14965
1.09207
0.995139
1.03488
0.909037
0.992276
0.95021
1.04366
1.05898
1.01888
1.00698
1.08751
1.22229
0.954311
1.02699
1.07049
1.08098
0.852364
1.01269
0.764678
1.07879
1.04931
1.17939
1.00412
0.963393
0.995577
0.982347
1.2679
1.02563
1.07892
1.18889
0.996961
0.8689
1.20403
0.882941
1.03326
0.913766
0.920422
0.781938
0.965927
0.958784
1.05882
0.966156
0.796696
0.888156
1.02192
1.06237
1.10968
0.890608
0.837815
0.976279
0.929902
0.993094
1.11369
0.988623
0.853581
0.951565
0.998205
1.06486
1.05095
1.21169
0.953163
1.08567
0.838782
1.06624
0.948555
0.867801
1.15104
1.06646
0.87187
1.05838
0.919619
1.17877
1.06719
1.06421
1.00252
0.864243
1.03854
0.861069
1.06035
1.00818
1.06723
1.1086
0.818409
0.867826
1.03996
1.1745
0.996761
1.10799
0.862652
1.05786
1.10404
1.09111
1.05719
0.976794
1.03494
1.00597
0.96735
0.962386
1.02482
0.870399
0.940628
